$ 1 0.000005 10.20027730826997 50 5 43 5e-11
v 144 128 208 128 0 0 40 7.5 0 0 0.5
w 144 128 144 192 0
r 208 128 256 128 0 10
r 208 192 256 192 0 10
w 352 64 288 64 0
w 352 160 352 288 1
d 240 288 144 288 2 default
r 240 288 352 288 0 1000
w 256 128 288 64 0
s 256 192 288 192 0 1 false
w 304 144 288 192 1
v 144 192 208 192 0 1 40 1.5 1.5 0 0.5
t 384 144 432 144 0 1 -7.217533869691019 0.23014291039425583 100 default
w 432 320 144 320 0
w 144 320 144 288 0
r 384 144 304 144 0 1000
r 432 128 432 64 0 100000
w 352 64 432 64 0
w 432 64 496 64 0
w 496 320 432 320 0
w 432 128 496 128 0
s 256 224 288 224 0 1 false
r 256 224 208 224 0 10
w 144 192 144 224 0
w 144 224 144 288 0
v 144 224 208 224 0 0 40 3 0 0 0.5
w 288 192 288 224 0
r 496 64 576 64 0 1000
w 496 128 576 128 0
162 576 64 576 128 2 default-led 1 0 0 0.01
f 656 112 656 64 40 1.5 0.02
w 576 128 656 128 0
w 656 128 656 112 0
w 672 64 704 64 0
w 704 64 704 320 0
r 704 320 496 320 0 1000
r 496 32 576 32 0 10
w 496 32 496 64 0
w 576 32 640 64 0
r 432 160 432 320 0 1
o 10 64 0 4099 1.25 0.00009765625 0 4 10 3 5 0 5 3
o 30 64 0 4099 10 0.0125 1 2 30 3
