$ 1 0.000005 10.20027730826997 50 5 43 5e-11
v 144 128 208 128 0 0 40 5 0 0 0.5
w 144 128 144 192 0
r 208 128 256 128 0 3
r 208 192 256 192 0 10
w 352 64 288 64 0
w 256 128 288 64 0
s 256 192 288 192 0 0 false
w 304 144 288 192 1
v 144 192 208 192 0 3 40 1.5 1.5 0 0.5
t 384 144 432 144 0 1 -4.993785694781994 0.006212618779018455 100 default
w 432 320 144 320 0
w 144 320 144 288 0
r 384 144 304 144 0 46005.4
r 432 128 432 64 0 100000
w 352 64 432 64 0
w 432 64 496 64 0
w 496 320 432 320 0
w 432 128 496 128 0
s 256 224 288 224 0 1 false
r 256 224 208 224 0 3
w 144 192 144 224 0
w 144 224 144 288 0
v 144 224 208 224 0 0 40 3 0 0 0.5
w 288 192 288 224 0
w 496 128 576 128 0
w 576 128 656 128 0
w 656 128 656 112 0
w 672 64 704 64 0
w 704 64 704 320 0
r 704 320 496 320 0 1000
r 496 32 576 32 0 3
w 496 32 496 64 0
w 576 32 640 64 0
r 432 160 432 320 0 3
f 656 112 656 64 41 1.5 0.02
r 288 288 144 288 0 10000
w 384 144 384 288 0
w 384 288 288 288 0
o 7 64 0 4099 5 0.1 0 2 7 3
o 29 64 0 4099 5 0.00625 1 2 29 3
38 12 F1 0 10 100000 -1 Resistance
