$ 1 2e-8 25.510281670702206 52 5 43 5e-11
v 144 128 208 128 0 0 40 5 0 0 0.5
w 144 128 144 192 0
r 208 128 256 128 0 3
r 208 192 256 192 0 10
w 352 64 288 64 0
w 256 128 288 64 0
s 256 192 288 192 0 1 false
w 304 144 288 192 1
v 144 192 208 192 0 3 10000 1.65 1.65 0 0.5
w 144 320 144 288 0
s 256 224 288 224 0 0 false
r 256 224 208 224 0 3
w 144 192 144 224 0
w 144 224 144 288 0
v 144 224 208 224 0 0 40 3.3 0 0 0.5
w 288 192 288 224 0
t 416 144 464 144 0 -1 2.489860983798218 -0.5397015748756484 100 default
w 464 128 464 96 0
w 416 64 352 64 0
w 432 320 464 320 0
r 464 208 464 320 0 12000
w 416 64 464 96 0
w 416 144 384 144 0
w 464 160 464 176 0
r 336 144 304 144 0 1000000
w 544 64 416 64 0
w 384 144 336 144 0
w 464 176 464 208 0
t 528 208 576 208 0 -1 -0.5016765412134854 -0.6156718256428526 100 default
r 528 208 464 208 0 50000
w 576 320 464 320 0
w 576 192 544 64 0
c 464 208 384 144 0 1.0999999999999999e-11 -2.489860983798218 0.001
w 576 224 640 224 0
162 640 224 640 288 2 default-led 1 0 0 0.01
r 640 288 576 320 0 2000
r 576 320 576 224 0 10000
c 576 224 528 208 0 1.0999999999999999e-11 0.5016765412134854 0.001
g 144 320 112 320 0 0
r 288 224 288 320 0 100000
w 432 320 288 320 0
w 288 320 144 320 0
o 7 64 0 4099 10 0.00009765625 0 2 7 3
o 20 64 0 4099 10 0.00078125 1 2 20 3
o 36 64 0 4099 5 0.00078125 2 2 36 3
38 24 F1 0 1 400000 -1 Resistance
38 0 F1 0 4.4 5.6 -1 Voltage\s-\s5V
