$ 1 0.0000020000000000000003 16.817414165184545 52 5 43 5e-11
v 144 128 208 128 0 0 40 5 0 0 0.5
w 144 128 144 192 0
r 208 128 256 128 0 1
r 208 192 256 192 0 10
w 352 64 288 64 0
w 256 128 288 64 0
s 256 192 288 192 0 1 false
w 304 144 288 192 1
v 144 192 208 192 0 3 10000 1.65 1.65 0 0.5
w 144 320 144 288 0
s 256 224 288 224 0 1 false
r 256 224 208 224 0 3
w 144 192 144 224 0
w 144 224 144 288 0
v 144 224 208 224 0 0 40 3.3 0 0 0.5
w 288 192 288 224 0
t 416 144 464 144 0 -1 -0.33969775044297634 -0.5716382114165226 100 default
w 464 128 464 96 0
w 416 64 352 64 0
w 432 320 464 320 0
r 464 208 464 320 0 12000
w 416 64 464 96 0
w 416 144 384 144 0
w 464 160 464 176 0
r 336 144 304 144 0 1000000
w 544 64 416 64 0
w 384 144 336 144 0
w 464 176 464 208 0
t 528 208 576 208 0 -1 4.035217671305704 -0.23194027552992758 100 default
r 528 208 464 208 0 50000
w 576 320 464 320 0
c 464 208 384 144 0 1.0999999999999999e-11 0.33969775044297634 0.001
w 896 320 960 320 3
r 896 416 896 320 0 20000
c 576 224 528 208 0 1.1999999999999999e-11 -4.035217671305704 0.001
g 144 320 112 320 0 0
r 288 224 288 320 0 100000
w 432 320 288 320 0
w 288 320 144 320 1
178 1056 416 1184 416 6 1 0.2 5.88207089542547e-12 0.05 1000000 0.02 55 0.015 0.005 0
w 1056 352 1008 352 0
w 1008 352 1056 448 0
w 1184 352 1232 448 0
w 1232 448 1184 448 0
w 1232 448 1232 496 0
w 960 496 960 416 0
w 1008 352 960 320 0
w 1056 416 1056 320 0
r 1056 208 1056 320 0 1000
w 1184 208 1216 208 0
w 1216 208 1216 336 0
w 1216 336 1184 432 0
w 1184 336 1216 336 0
w 960 496 960 544 0
w 960 544 1232 544 0
r 1232 496 1136 496 0 10
d 1136 496 1056 496 2 default
w 1056 496 1056 448 0
178 1056 320 1184 320 6 1 0.2 5.882070895388952e-12 0.05 1000000 0.02 55 0.015 0.005 0
w 896 320 864 320 0
w 896 416 864 416 0
w 576 192 576 64 0
w 576 64 544 64 0
w 688 240 688 112 0
c 688 272 640 256 0 1.1999999999999999e-11 0.5828370807058487 0.001
r 640 256 576 256 0 5000
t 640 256 688 256 0 -1 -0.5828370807058487 -0.6577051216950212 100 default
w 688 112 688 64 0
w 688 64 576 64 0
w 576 224 576 256 0
r 576 256 576 320 0 1000
w 800 320 864 320 0
w 864 416 688 368 0
w 1232 496 1232 544 0
r 688 304 688 368 0 500
w 688 272 688 304 0
t 752 304 800 304 0 -1 4.914181260139029 -0.07486804348735632 100 default
r 752 304 688 304 0 500
c 800 320 752 304 0 1.1999999999999999e-11 -4.914181260139029 0.001
w 800 288 800 160 0
w 688 368 576 368 0
w 576 320 576 368 0
w 800 160 800 64 0
w 800 64 688 64 0
r 896 416 960 416 0 50
v 1184 208 1056 208 0 1 40 120 0 0 0.5
o 7 64 0 4099 2.5 0.00009765625 0 2 7 3
o 20 64 0 4099 5 0.00078125 1 2 20 3
o 33 64 0 4099 0.0000762939453125 0.00009765625 2 2 33 3
38 24 F1 0 1 400000 -1 Resistance
38 0 F1 0 4.4 5.6 -1 Voltage\s-\s5V
38 29 F1 0 200 10000 -1 Resistance
38 20 F1 0 200 10000 -1 Resistance
