$ 1 5e-7 69.34413510434165 50 5 43 5e-11
v 144 128 208 128 0 0 40 5 0 0 0.5
w 144 128 144 192 0
r 208 128 256 128 0 3
r 208 192 256 192 0 10
w 352 64 288 64 0
w 256 128 288 64 0
s 256 192 288 192 0 1 false
w 304 144 288 192 1
v 144 192 208 192 0 3 2 1.5 1.5 0 0.5
t 384 144 432 144 0 1 -4.999998264664001 5.098468262628393e-8 100 default
w 432 320 144 320 0
w 144 320 144 288 0
r 384 144 304 144 0 46005.4
r 432 128 432 64 0 100000
w 352 64 432 64 0
w 432 64 496 64 0
w 496 320 432 320 0
w 432 128 496 128 0
s 256 224 288 224 0 1 false
r 256 224 208 224 0 3
w 144 192 144 224 0
w 144 224 144 288 0
v 144 224 208 224 0 0 40 3 0 0 0.5
w 288 192 288 224 0
w 496 128 576 128 0
w 576 128 656 128 0
w 656 128 656 112 0
w 672 64 704 64 0
r 496 32 576 32 0 3
w 496 32 496 64 0
w 576 32 640 64 0
r 432 160 432 320 0 3
f 656 112 656 64 41 1.5 0.02
r 288 288 144 288 0 10000
w 384 144 384 288 0
w 384 288 288 288 0
w 688 320 496 320 0
178 768 16 896 16 6 1 0.2 1.107128472532963e-7 0.05 1000000 0.02 20 0.015 0.005 0
178 768 96 896 96 6 1 0.2 1.107128472532963e-7 0.05 1000000 0.02 20 0.015 0.005 0
w 768 96 768 16 0
w 768 48 736 48 0
w 768 128 736 128 0
w 736 128 736 64 0
w 736 64 736 48 0
w 736 64 704 64 0
w 688 320 960 320 0
w 960 128 896 128 0
w 960 128 960 48 0
w 960 48 896 48 0
w 768 16 768 -64 0
w 896 112 928 112 0
w 928 112 928 32 0
w 928 32 896 32 0
w 928 32 928 -64 0
r 928 -64 832 -64 0 1000
v 832 -64 768 -64 0 1 50 120 120 0 0.5
w 768 128 768 192 0
r 768 192 832 192 0 10
d 896 192 832 192 2 default
w 896 192 960 192 0
w 960 192 960 128 0
r 736 128 688 320 0 1000000
w 960 192 960 320 0
o 7 64 0 4099 0.0000762939453125 0.00009765625 0 2 7 3
o 54 64 0 4099 2.5 0.0015625 1 2 54 3
o 27 64 0 4099 0.0000762939453125 0.00009765625 2 2 27 3
o 61 64 0 4099 0.0000762939453125 0.00009765625 3 2 61 3
38 12 F1 0 10 100000 -1 Resistance
