$ 1 0.000005 15.472767971186109 43 5 43 5e-11
r 112 160 192 160 0 2700
t 192 160 240 160 0 1 -12.00634588734605 -2.2298180396214646e-8 100 default
t 256 208 304 208 0 1 -12.00634586504787 6.334710373496335e-8 100 default
r 256 208 192 208 0 7200
w 192 208 192 160 0
r 256 208 256 272 0 3000
w 256 272 304 272 0
w 304 272 304 224 0
g 304 272 304 304 0 0
w 304 192 304 144 0
w 304 144 240 144 0
w 240 176 256 176 0
w 256 176 256 208 0
w 304 144 368 144 0
R 416 -432 416 -480 0 0 40 12 0 0 0.5
d 304 96 368 96 2 default
w 368 144 464 144 0
w 368 96 416 96 0
w 304 96 304 144 0
w 240 -128 240 -80 0
d 240 -128 304 -128 2 default
w 240 -80 304 -80 0
w 192 -48 192 -16 0
w 176 -48 192 -48 0
w 240 -80 176 -80 0
w 240 -32 240 -80 0
w 240 48 240 0 0
w 192 48 240 48 0
r 192 -16 192 48 0 3000
w 128 -16 128 -64 0
r 192 -16 128 -16 0 7200
t 192 -16 240 -16 0 1 -11.990638507522622 6.326496874221612e-8 100 default
t 128 -64 176 -64 0 1 -11.990638529791891 -2.2269268878921268e-8 100 default
r 48 -64 128 -64 0 2700
w 304 -128 416 -128 0
w 416 -128 416 96 0
w 272 -288 384 -288 0
w 272 -240 432 -240 0
r 16 -224 96 -224 0 2700
t 96 -224 144 -224 0 1 0.6007497225911114 0.6291631098553206 100 default
t 160 -176 208 -176 0 1 -0.028413387264209278 0.7364688915956586 100 default
r 160 -176 96 -176 0 7200
w 96 -176 96 -224 0
r 160 -176 160 -112 0 3000
w 160 -112 208 -112 0
w 208 -112 208 -160 0
w 208 -192 208 -240 0
w 208 -240 144 -240 0
w 144 -208 160 -208 0
w 160 -208 160 -176 0
w 208 -240 272 -240 0
d 208 -288 272 -288 2 default
w 208 -288 208 -240 0
w 144 -432 256 -432 0
w 144 -384 304 -384 0
r -112 -368 -32 -368 0 2700
t -32 -368 16 -368 0 1 -11.999985291765656 -2.2286484309873048e-8 100 default
t 32 -320 80 -320 0 1 -11.99998526947917 6.331387621677089e-8 100 default
r 32 -320 -32 -320 0 7200
w -32 -320 -32 -368 0
r 32 -320 32 -256 0 3000
w 32 -256 80 -256 0
w 80 -256 80 -304 0
w 80 -336 80 -384 0
w 80 -384 16 -384 0
w 16 -352 32 -352 0
w 32 -352 32 -320 0
w 80 -384 144 -384 0
d 80 -432 144 -432 2 default
w 80 -432 80 -384 0
w 464 144 464 -48 0
w 416 -128 416 -288 0
w 416 -288 384 -288 0
w 416 -288 416 -432 0
w 416 -432 256 -432 0
w 416 -288 624 -240 0
w 624 -240 640 -240 0
w 32 -256 96 -112 0
w 96 -112 160 -112 0
w 96 -112 96 48 0
w 192 48 96 48 0
w 96 48 208 272 0
w 208 272 256 272 0
w 112 160 -32 160 0
w 48 -64 48 128 0
w 48 128 -32 128 0
w 16 -224 16 96 0
w 16 96 -112 96 0
w -32 128 -112 128 0
w -112 160 -32 160 0
w -112 -368 -112 -224 0
w -112 -224 -48 -224 0
w -48 -224 -48 64 0
w -48 64 -112 64 0
s -112 64 -192 64 0 0 false
s -112 96 -192 96 0 0 false
s -112 128 -192 128 0 0 false
s -112 160 -192 160 0 0 false
r 800 -176 848 -128 0 50
t 720 -192 752 -192 0 -1 11.147577238539974 -0.08754048260015779 100 default
r 640 -192 720 -192 0 1000
t 720 -128 752 -128 0 -1 -0.6496896392395541 -0.737230110621514 100 default
r 640 -128 720 -128 0 1000
w 640 -240 768 -240 0
w 768 -240 752 -208 0
w 768 -240 752 -144 0
w 752 -176 800 -176 0
w 752 -112 800 -96 0
w 640 -192 800 -96 0
w 640 -128 800 -176 0
w 432 -240 512 -128 0
w 304 -384 512 -192 0
r 624 -160 640 -128 0 1000
t 624 -160 624 -192 0 1 -11.147577238397243 -11.23510304257225 100 default
t 624 16 624 -16 0 1 0.32471637117430774 0.015679026951580965 100 default
r 624 16 640 48 0 1000
w 640 48 800 0 0
w 640 -16 800 80 0
w 752 64 800 80 0
w 752 0 800 0 0
w 768 -64 752 32 0
w 768 -64 752 -32 0
r 640 48 720 48 0 1000
t 720 48 752 48 0 -1 0.32474470140508593 0.006345927969949372 100 default
r 640 -16 720 -16 0 1000
t 720 -16 752 -16 0 -1 -0.3247161500033027 -0.31837022160832973 100 default
r 800 0 848 48 0 50
w 768 -64 864 -64 0
w 864 -64 864 -240 0
w 864 -240 768 -240 0
w 464 -48 544 48 0
w 544 48 640 48 0
w 608 -16 544 -16 0
w 544 -16 464 -80 0
w 640 -128 544 -128 0
w 544 -128 512 -128 0
w 512 -192 544 -192 0
w 544 -192 608 -192 0
w 464 -80 304 -80 0
R -192 64 -304 64 1 2 100 2.5 2.5 0 0.25
R -192 96 -304 96 1 2 100 2.5 2.5 1.5707963267948966 0.25
R -192 160 -304 160 1 2 100 2.5 2.5 4.71238898038469 0.25
R -192 128 -304 128 1 2 100 2.5 2.5 3.141592653589793 0.25
l 848 48 800 80 0 0.001 -8.521385893016809e-8 0
l 800 -96 848 -128 0 0.001 0.22295154499516293 0
o 126 64 0 4099 20 0.4 0 4 126 3 98 0 98 3
